2.27444056646910e-08
2.65180301107393e-08
3.09177531970314e-08
3.60474537045427e-08
4.20282453999896e-08
4.90013365681679e-08
5.71313639818868e-08
6.66102800255286e-08
7.76618847483851e-08
9.05471098509105e-08
1.05570179360389e-07
1.23085792451415e-07
1.43507497999737e-07
1.67317458595179e-07
1.95077834544929e-07
2.27444056646909e-07
2.65180301107393e-07
3.09177531970314e-07
3.60474537045427e-07
4.20282453999896e-07
4.90013365681679e-07
5.71313639818868e-07
6.66102800255286e-07
7.76618847483850e-07
9.05471098509104e-07
1.05570179360389e-06
1.23085792451415e-06
1.43507497999737e-06
1.67317458595179e-06
1.95077834544929e-06
2.27444056646909e-06
2.65180301107393e-06
3.09177531970314e-06
3.60474537045426e-06
4.20282453999895e-06
4.90013365681678e-06
5.71313639818868e-06
6.66102800255285e-06
7.76618847483850e-06
9.05471098509104e-06
1.05570179360389e-05
1.23085792451415e-05
1.43507497999737e-05
1.67317458595179e-05
1.95077834544929e-05
2.27444056646909e-05
2.65180301107393e-05
3.09177531970313e-05
3.60474537045426e-05
4.20282453999895e-05
4.90013365681678e-05
5.71313639818868e-05
6.66102800255285e-05
7.76618847483850e-05
9.05471098509103e-05
0.000105570179360389
0.000123085792451415
0.000143507497999736
0.000167317458595179
0.000195077834544929
0.000227444056646909
0.000265180301107393
0.000309177531970313
0.000360474537045426
0.000420282453999895
0.000490013365681678
0.000571313639818867
0.000666102800255285
0.000776618847483849
0.000905471098509103
0.00105570179360389
0.00123085792451415
0.00143507497999736
0.00167317458595178
0.00195077834544929
0.00227444056646909
0.00265180301107393
0.00309177531970313
0.00360474537045426
0.00420282453999895
0.00490013365681678
0.00571313639818867
0.00666102800255284
0.00776618847483849
0.00905471098509102
0.0105570179360388
0.0123085792451415
0.0143507497999736
0.0167317458595178
0.0195077834544929
0.0227444056646909
0.0265180301107392
0.0309177531970313
0.0360474537045426
0.0420282453999895
0.0490013365681677
0.0571313639818867
0.0666102800255284
0.0776618847483848
0.0905471098509102
0.105570179360388
0.123085792451415
0.143507497999736
0.167317458595178
0.195077834544929
0.227444056646909
0.265180301107392
0.309177531970313
0.360474537045425
0.420282453999894
0.490013365681677
0.571313639818866
0.666102800255284
0.776618847483848
0.905471098509102
1.05570179360388
1.23085792451415
1.43507497999736
1.67317458595178
1.95077834544929
2.27444056646909
2.65180301107392
3.09177531970313
3.60474537045425
4.20282453999894
4.90013365681677
5.71313639818866
6.66102800255283
7.76618847483847
9.05471098509101
10.5570179360388
12.3085792451415
14.3507497999736
16.7317458595178
19.5077834544928
22.7444056646908
26.5180301107392
30.9177531970312
36.0474537045425
42.0282453999894
49.0013365681676
57.1313639818866
66.6102800255283
77.6618847483847
90.5471098509101
105.570179360388
123.085792451414
143.507497999736
167.317458595178
195.077834544928
227.444056646908
265.180301107392
309.177531970312
360.474537045425
420.282453999894
490.013365681676
571.313639818865
666.102800255282
776.618847483847
905.471098509100
1055.70179360388
1230.85792451414
1435.07497999736
1673.17458595178
1950.77834544928
2274.44056646908
2651.80301107392
3091.77531970312
3604.74537045425
4202.82453999893
4900.13365681676
5713.13639818865
6661.02800255282
7766.18847483846
9054.71098509100
10557.0179360388
12308.5792451414
14350.7497999736
16731.7458595178
19507.7834544928
22744.4056646908
26518.0301107392
30917.7531970312
36047.4537045425
42028.2453999893
49001.3365681676
57131.3639818865
66610.2800255282
77661.8847483846
90547.1098509099
105570.179360388
123085.792451414
143507.497999736
167317.458595178
195077.834544928
227444.056646908
265180.301107391
309177.531970312
360474.537045424
420282.453999893
490013.365681675
571313.639818864
666102.800255281
776618.847483845
905471.098509099
1055701.79360388
1230857.92451414
1435074.97999736
1673174.58595178
1950778.34544928
2274440.56646908
2651803.01107391
3091775.31970312
3604745.37045424
4202824.53999893
4900133.65681675
5713136.39818864
6661028.00255281
7766188.47483845
9054710.98509098
10557017.9360388
12308579.2451414
14350749.7999736
16731745.8595178
19507783.4544928
22744405.6646908
26518030.1107391
30917753.1970311
36047453.7045424
42028245.3999892
49001336.5681675
57131363.9818864
66610280.0255281
77661884.7483844
90547109.8509098
105570179.360388
123085792.451414
143507497.999736
167317458.595178
195077834.544928
227444056.646908
265180301.107391
309177531.970311
360474537.045424
420282453.999892
490013365.681675
571313639.818863
666102800.255280
776618847.483844
905471098.509097
8.17391558528817e-09
9.53008589491575e-09
1.11112643893631e-08
1.29547831668750e-08
1.51041682584217e-08
1.76101672903371e-08
2.05319476509900e-08
2.39384934505597e-08
2.79102342565566e-08
3.25409440600221e-08
3.79399553075670e-08
4.42347402732116e-08
5.15739207169869e-08
6.01307768892419e-08
7.01073387292985e-08
8.17391558528817e-08
9.53008589491575e-08
1.11112643893631e-07
1.29547831668750e-07
1.51041682584216e-07
1.76101672903371e-07
2.05319476509900e-07
2.39384934505597e-07
2.79102342565566e-07
3.25409440600220e-07
3.79399553075670e-07
4.42347402732116e-07
5.15739207169868e-07
6.01307768892418e-07
7.01073387292984e-07
8.17391558528816e-07
9.53008589491574e-07
1.11112643893630e-06
1.29547831668750e-06
1.51041682584216e-06
1.76101672903371e-06
2.05319476509900e-06
2.39384934505597e-06
2.79102342565566e-06
3.25409440600220e-06
3.79399553075670e-06
4.42347402732115e-06
5.15739207169868e-06
6.01307768892418e-06
7.01073387292984e-06
8.17391558528816e-06
9.53008589491573e-06
1.11112643893630e-05
1.29547831668750e-05
1.51041682584216e-05
1.76101672903371e-05
2.05319476509900e-05
2.39384934505597e-05
2.79102342565566e-05
3.25409440600220e-05
3.79399553075670e-05
4.42347402732115e-05
5.15739207169868e-05
6.01307768892418e-05
7.01073387292984e-05
8.17391558528815e-05
9.53008589491573e-05
0.000111112643893630
0.000129547831668750
0.000151041682584216
0.000176101672903371
0.000205319476509900
0.000239384934505596
0.000279102342565566
0.000325409440600220
0.000379399553075669
0.000442347402732115
0.000515739207169868
0.000601307768892417
0.000701073387292983
0.000817391558528815
0.000953008589491573
0.00111112643893630
0.00129547831668750
0.00151041682584216
0.00176101672903371
0.00205319476509900
0.00239384934505596
0.00279102342565566
0.00325409440600220
0.00379399553075669
0.00442347402732115
0.00515739207169867
0.00601307768892417
0.00701073387292983
0.00817391558528814
0.00953008589491572
0.0111112643893630
0.0129547831668750
0.0151041682584216
0.0176101672903370
0.0205319476509900
0.0239384934505596
0.0279102342565566
0.0325409440600220
0.0379399553075669
0.0442347402732114
0.0515739207169867
0.0601307768892417
0.0701073387292983
0.0817391558528814
0.0953008589491571
0.111112643893630
0.129547831668750
0.151041682584216
0.176101672903370
0.205319476509900
0.239384934505596
0.279102342565565
0.325409440600219
0.379399553075669
0.442347402732114
0.515739207169867
0.601307768892416
0.701073387292982
0.817391558528814
0.953008589491571
1.11112643893630
1.29547831668750
1.51041682584216
1.76101672903370
2.05319476509900
2.39384934505596
2.79102342565565
3.25409440600219
3.79399553075669
4.42347402732114
5.15739207169866
6.01307768892416
7.01073387292982
8.17391558528813
9.53008589491570
11.1112643893630
12.9547831668750
15.1041682584216
17.6101672903370
20.5319476509899
23.9384934505596
27.9102342565565
32.5409440600219
37.9399553075668
44.2347402732114
51.5739207169866
60.1307768892416
70.1073387292981
81.7391558528813
95.3008589491570
111.112643893630
129.547831668749
151.041682584216
176.101672903370
205.319476509899
239.384934505596
279.102342565565
325.409440600219
379.399553075668
442.347402732113
515.739207169866
601.307768892415
701.073387292981
817.391558528812
953.008589491569
1111.12643893630
1295.47831668749
1510.41682584216
1761.01672903370
2053.19476509899
2393.84934505596
2791.02342565565
3254.09440600219
3793.99553075668
4423.47402732113
5157.39207169866
6013.07768892415
7010.73387292981
8173.91558528812
9530.08589491569
11111.2643893630
12954.7831668749
15104.1682584216
17610.1672903370
20531.9476509899
23938.4934505595
27910.2342565565
32540.9440600218
37939.9553075668
44234.7402732113
51573.9207169865
60130.7768892415
70107.3387292980
81739.1558528811
95300.8589491568
111112.643893630
129547.831668749
151041.682584215
176101.672903370
205319.476509899
239384.934505595
279102.342565564
325409.440600218
379399.553075668
442347.402732113
515739.207169865
601307.768892414
701073.387292980
817391.558528811
953008.589491568
1111126.43893630
1295478.31668749
1510416.82584215
1761016.72903370
2053194.76509899
2393849.34505595
2791023.42565564
3254094.40600218
3793995.53075667
4423474.02732112
5157392.07169865
6013077.68892414
7010733.87292980
8173915.58528811
9530085.89491567
11111264.3893630
12954783.1668749
15104168.2584215
17610167.2903370
20531947.6509899
23938493.4505595
27910234.2565564
32540944.0600218
37939955.3075667
44234740.2732112
51573920.7169865
60130776.8892414
70107338.7292979
81739155.8528810
95300858.9491567
111112643.893630
129547831.668749
151041682.584215
176101672.903369
205319476.509899
239384934.505595
279102342.565564
325409440.600218
2.93755295171942e-09
3.42493529063800e-09
3.99318137846388e-09
4.65570767567416e-09
5.42815662675199e-09
6.32876598298988e-09
7.37879940126494e-09
8.60304848535191e-09
1.00304181231201e-08
1.16946089396009e-08
1.36349129788471e-08
1.58971414008717e-08
1.85347060968684e-08
2.16098807599745e-08
2.51952711858332e-08
2.93755295171942e-08
3.42493529063800e-08
3.99318137846387e-08
4.65570767567416e-08
5.42815662675199e-08
6.32876598298988e-08
7.37879940126493e-08
8.60304848535190e-08
1.00304181231201e-07
1.16946089396009e-07
1.36349129788471e-07
1.58971414008717e-07
1.85347060968684e-07
2.16098807599745e-07
2.51952711858332e-07
2.93755295171942e-07
3.42493529063800e-07
3.99318137846387e-07
4.65570767567416e-07
5.42815662675198e-07
6.32876598298987e-07
7.37879940126493e-07
8.60304848535190e-07
1.00304181231201e-06
1.16946089396009e-06
1.36349129788471e-06
1.58971414008717e-06
1.85347060968684e-06
2.16098807599745e-06
2.51952711858332e-06
2.93755295171942e-06
3.42493529063799e-06
3.99318137846387e-06
4.65570767567416e-06
5.42815662675198e-06
6.32876598298987e-06
7.37879940126492e-06
8.60304848535190e-06
1.00304181231201e-05
1.16946089396009e-05
1.36349129788471e-05
1.58971414008716e-05
1.85347060968684e-05
2.16098807599745e-05
2.51952711858332e-05
2.93755295171942e-05
3.42493529063799e-05
3.99318137846387e-05
4.65570767567415e-05
5.42815662675198e-05
6.32876598298987e-05
7.37879940126492e-05
8.60304848535189e-05
0.000100304181231201
0.000116946089396009
0.000136349129788471
0.000158971414008716
0.000185347060968684
0.000216098807599745
0.000251952711858332
0.000293755295171942
0.000342493529063799
0.000399318137846386
0.000465570767567415
0.000542815662675198
0.000632876598298986
0.000737879940126492
0.000860304848535189
0.00100304181231201
0.00116946089396009
0.00136349129788471
0.00158971414008716
0.00185347060968684
0.00216098807599744
0.00251952711858332
0.00293755295171941
0.00342493529063799
0.00399318137846386
0.00465570767567415
0.00542815662675197
0.00632876598298986
0.00737879940126491
0.00860304848535188
0.0100304181231201
0.0116946089396009
0.0136349129788471
0.0158971414008716
0.0185347060968683
0.0216098807599744
0.0251952711858332
0.0293755295171941
0.0342493529063799
0.0399318137846386
0.0465570767567415
0.0542815662675197
0.0632876598298986
0.0737879940126491
0.0860304848535188
0.100304181231201
0.116946089396009
0.136349129788471
0.158971414008716
0.185347060968683
0.216098807599744
0.251952711858331
0.293755295171941
0.342493529063798
0.399318137846386
0.465570767567414
0.542815662675197
0.632876598298985
0.737879940126490
0.860304848535187
1.00304181231201
1.16946089396009
1.36349129788471
1.58971414008716
1.85347060968683
2.16098807599744
2.51952711858331
2.93755295171941
3.42493529063798
3.99318137846386
4.65570767567414
5.42815662675196
6.32876598298985
7.37879940126490
8.60304848535187
10.0304181231201
11.6946089396009
13.6349129788471
15.8971414008716
18.5347060968683
21.6098807599744
25.1952711858331
29.3755295171941
34.2493529063798
39.9318137846385
46.5570767567414
54.2815662675196
63.2876598298985
73.7879940126490
86.0304848535186
100.304181231201
116.946089396009
136.349129788471
158.971414008716
185.347060968683
216.098807599744
251.952711858331
293.755295171941
342.493529063798
399.318137846385
465.570767567414
542.815662675196
632.876598298984
737.879940126489
860.304848535186
1003.04181231201
1169.46089396009
1363.49129788471
1589.71414008716
1853.47060968683
2160.98807599744
2519.52711858331
2937.55295171940
3424.93529063798
3993.18137846385
4655.70767567413
5428.15662675195
6328.76598298984
7378.79940126489
8603.04848535185
10030.4181231201
11694.6089396009
13634.9129788470
15897.1414008716
18534.7060968683
21609.8807599744
25195.2711858331
29375.5295171940
34249.3529063798
39931.8137846385
46557.0767567413
54281.5662675195
63287.6598298984
73787.9940126489
86030.4848535185
100304.181231201
116946.089396009
136349.129788470
158971.414008716
185347.060968683
216098.807599743
251952.711858331
293755.295171940
342493.529063797
399318.137846385
465570.767567413
542815.662675195
632876.598298983
737879.940126488
860304.848535184
1003041.81231201
1169460.89396008
1363491.29788470
1589714.14008715
1853470.60968683
2160988.07599743
2519527.11858330
2937552.95171940
3424935.29063797
3993181.37846384
4655707.67567413
5428156.62675194
6328765.98298983
7378799.40126488
8603048.48535184
10030418.1231200
11694608.9396008
13634912.9788470
15897141.4008715
18534706.0968683
21609880.7599743
25195271.1858330
29375529.5171940
34249352.9063797
39931813.7846384
46557076.7567412
54281566.2675194
63287659.8298983
73787994.0126487
86030484.8535183
100304181.231200
116946089.396008
1.05570179360389e-09
1.23085792451415e-09
1.43507497999737e-09
1.67317458595179e-09
1.95077834544929e-09
2.27444056646910e-09
2.65180301107393e-09
3.09177531970314e-09
3.60474537045427e-09
4.20282453999896e-09
4.90013365681679e-09
5.71313639818868e-09
6.66102800255286e-09
7.76618847483851e-09
9.05471098509105e-09
1.05570179360389e-08
1.23085792451415e-08
1.43507497999737e-08
1.67317458595179e-08
1.95077834544929e-08
2.27444056646909e-08
2.65180301107393e-08
3.09177531970314e-08
3.60474537045427e-08
4.20282453999896e-08
4.90013365681679e-08
5.71313639818868e-08
6.66102800255286e-08
7.76618847483850e-08
9.05471098509105e-08
1.05570179360389e-07
1.23085792451415e-07
1.43507497999737e-07
1.67317458595179e-07
1.95077834544929e-07
2.27444056646909e-07
2.65180301107393e-07
3.09177531970314e-07
3.60474537045426e-07
4.20282453999895e-07
4.90013365681678e-07
5.71313639818868e-07
6.66102800255285e-07
7.76618847483850e-07
9.05471098509104e-07
1.05570179360389e-06
1.23085792451415e-06
1.43507497999737e-06
1.67317458595179e-06
1.95077834544929e-06
2.27444056646909e-06
2.65180301107393e-06
3.09177531970313e-06
3.60474537045426e-06
4.20282453999895e-06
4.90013365681678e-06
5.71313639818867e-06
6.66102800255285e-06
7.76618847483850e-06
9.05471098509103e-06
1.05570179360389e-05
1.23085792451415e-05
1.43507497999736e-05
1.67317458595179e-05
1.95077834544929e-05
2.27444056646909e-05
2.65180301107393e-05
3.09177531970313e-05
3.60474537045426e-05
4.20282453999895e-05
4.90013365681678e-05
5.71313639818867e-05
6.66102800255285e-05
7.76618847483849e-05
9.05471098509103e-05
0.000105570179360389
0.000123085792451415
0.000143507497999736
0.000167317458595179
0.000195077834544929
0.000227444056646909
0.000265180301107393
0.000309177531970313
0.000360474537045426
0.000420282453999895
0.000490013365681677
0.000571313639818867
0.000666102800255284
0.000776618847483849
0.000905471098509102
0.00105570179360388
0.00123085792451415
0.00143507497999736
0.00167317458595178
0.00195077834544929
0.00227444056646909
0.00265180301107392
0.00309177531970313
0.00360474537045426
0.00420282453999895
0.00490013365681677
0.00571313639818867
0.00666102800255284
0.00776618847483848
0.00905471098509102
0.0105570179360388
0.0123085792451415
0.0143507497999736
0.0167317458595178
0.0195077834544929
0.0227444056646909
0.0265180301107392
0.0309177531970313
0.0360474537045425
0.0420282453999894
0.0490013365681677
0.0571313639818866
0.0666102800255284
0.0776618847483848
0.0905471098509102
0.105570179360388
0.123085792451415
0.143507497999736
0.167317458595178
0.195077834544929
0.227444056646909
0.265180301107392
0.309177531970313
0.360474537045425
0.420282453999894
0.490013365681677
0.571313639818866
0.666102800255283
0.776618847483848
0.905471098509101
1.05570179360388
1.23085792451415
1.43507497999736
1.67317458595178
1.95077834544928
2.27444056646908
2.65180301107392
3.09177531970312
3.60474537045425
4.20282453999894
4.90013365681676
5.71313639818866
6.66102800255283
7.76618847483847
9.05471098509100
10.5570179360388
12.3085792451414
14.3507497999736
16.7317458595178
19.5077834544928
22.7444056646908
26.5180301107392
30.9177531970312
36.0474537045425
42.0282453999894
49.0013365681676
57.1313639818865
66.6102800255282
77.6618847483847
90.5471098509100
105.570179360388
123.085792451414
143.507497999736
167.317458595178
195.077834544928
227.444056646908
265.180301107392
309.177531970312
360.474537045425
420.282453999893
490.013365681676
571.313639818865
666.102800255282
776.618847483846
905.471098509100
1055.70179360388
1230.85792451414
1435.07497999736
1673.17458595178
1950.77834544928
2274.44056646908
2651.80301107392
3091.77531970312
3604.74537045425
4202.82453999893
4900.13365681676
5713.13639818865
6661.02800255282
7766.18847483846
9054.71098509099
10557.0179360388
12308.5792451414
14350.7497999736
16731.7458595178
19507.7834544928
22744.4056646908
26518.0301107391
30917.7531970312
36047.4537045424
42028.2453999893
49001.3365681675
57131.3639818864
66610.2800255281
77661.8847483846
90547.1098509099
105570.179360388
123085.792451414
143507.497999736
167317.458595178
195077.834544928
227444.056646908
265180.301107391
309177.531970312
360474.537045424
420282.453999893
490013.365681675
571313.639818864
666102.800255281
776618.847483845
905471.098509098
1055701.79360388
1230857.92451414
1435074.97999736
1673174.58595178
1950778.34544928
2274440.56646908
2651803.01107391
3091775.31970311
3604745.37045424
4202824.53999893
4900133.65681675
5713136.39818864
6661028.00255281
7766188.47483845
9054710.98509098
10557017.9360388
12308579.2451414
14350749.7999735
16731745.8595178
19507783.4544928
22744405.6646908
26518030.1107391
30917753.1970311
36047453.7045424
42028245.3999892
3.79399553075671e-10
4.42347402732116e-10
5.15739207169869e-10
6.01307768892419e-10
7.01073387292985e-10
8.17391558528817e-10
9.53008589491575e-10
1.11112643893631e-09
1.29547831668750e-09
1.51041682584217e-09
1.76101672903371e-09
2.05319476509901e-09
2.39384934505597e-09
2.79102342565566e-09
3.25409440600221e-09
3.79399553075670e-09
4.42347402732116e-09
5.15739207169869e-09
6.01307768892419e-09
7.01073387292985e-09
8.17391558528817e-09
9.53008589491575e-09
1.11112643893631e-08
1.29547831668750e-08
1.51041682584216e-08
1.76101672903371e-08
2.05319476509900e-08
2.39384934505597e-08
2.79102342565566e-08
3.25409440600221e-08
3.79399553075670e-08
4.42347402732116e-08
5.15739207169869e-08
6.01307768892419e-08
7.01073387292985e-08
8.17391558528817e-08
9.53008589491574e-08
1.11112643893631e-07
1.29547831668750e-07
1.51041682584216e-07
1.76101672903371e-07
2.05319476509900e-07
2.39384934505597e-07
2.79102342565566e-07
3.25409440600220e-07
3.79399553075670e-07
4.42347402732116e-07
5.15739207169868e-07
6.01307768892418e-07
7.01073387292984e-07
8.17391558528816e-07
9.53008589491574e-07
1.11112643893630e-06
1.29547831668750e-06
1.51041682584216e-06
1.76101672903371e-06
2.05319476509900e-06
2.39384934505597e-06
2.79102342565566e-06
3.25409440600220e-06
3.79399553075670e-06
4.42347402732115e-06
5.15739207169868e-06
6.01307768892418e-06
7.01073387292984e-06
8.17391558528816e-06
9.53008589491573e-06
1.11112643893630e-05
1.29547831668750e-05
1.51041682584216e-05
1.76101672903371e-05
2.05319476509900e-05
2.39384934505597e-05
2.79102342565566e-05
3.25409440600220e-05
3.79399553075670e-05
4.42347402732115e-05
5.15739207169868e-05
6.01307768892418e-05
7.01073387292984e-05
8.17391558528815e-05
9.53008589491573e-05
0.000111112643893630
0.000129547831668750
0.000151041682584216
0.000176101672903371
0.000205319476509900
0.000239384934505596
0.000279102342565566
0.000325409440600220
0.000379399553075669
0.000442347402732115
0.000515739207169868
0.000601307768892417
0.000701073387292983
0.000817391558528815
0.000953008589491572
0.00111112643893630
0.00129547831668750
0.00151041682584216
0.00176101672903371
0.00205319476509900
0.00239384934505596
0.00279102342565566
0.00325409440600220
0.00379399553075669
0.00442347402732115
0.00515739207169867
0.00601307768892417
0.00701073387292983
0.00817391558528814
0.00953008589491572
0.0111112643893630
0.0129547831668750
0.0151041682584216
0.0176101672903370
0.0205319476509900
0.0239384934505596
0.0279102342565565
0.0325409440600220
0.0379399553075669
0.0442347402732114
0.0515739207169867
0.0601307768892417
0.0701073387292983
0.0817391558528814
0.0953008589491571
0.111112643893630
0.129547831668750
0.151041682584216
0.176101672903370
0.205319476509900
0.239384934505596
0.279102342565565
0.325409440600219
0.379399553075669
0.442347402732114
0.515739207169867
0.601307768892416
0.701073387292982
0.817391558528813
0.953008589491571
1.11112643893630
1.29547831668750
1.51041682584216
1.76101672903370
2.05319476509900
2.39384934505596
2.79102342565565
3.25409440600219
3.79399553075669
4.42347402732114
5.15739207169866
6.01307768892416
7.01073387292982
8.17391558528813
9.53008589491570
11.1112643893630
12.9547831668750
15.1041682584216
17.6101672903370
20.5319476509899
23.9384934505596
27.9102342565565
32.5409440600219
37.9399553075668
44.2347402732114
51.5739207169866
60.1307768892416
70.1073387292981
81.7391558528813
95.3008589491570
111.112643893630
129.547831668749
151.041682584216
176.101672903370
205.319476509899
239.384934505596
279.102342565565
325.409440600219
379.399553075668
442.347402732113
515.739207169866
601.307768892415
701.073387292981
817.391558528812
953.008589491569
1111.12643893630
1295.47831668749
1510.41682584216
1761.01672903370
2053.19476509899
2393.84934505596
2791.02342565565
3254.09440600219
3793.99553075668
4423.47402732113
5157.39207169866
6013.07768892415
7010.73387292981
8173.91558528812
9530.08589491569
11111.2643893630
12954.7831668749
15104.1682584216
17610.1672903370
20531.9476509899
23938.4934505595
27910.2342565565
32540.9440600218
37939.9553075668
44234.7402732113
51573.9207169865
60130.7768892415
70107.3387292980
81739.1558528811
95300.8589491568
111112.643893630
129547.831668749
151041.682584215
176101.672903370
205319.476509899
239384.934505595
279102.342565564
325409.440600218
379399.553075668
442347.402732113
515739.207169865
601307.768892414
701073.387292980
817391.558528811
953008.589491568
1111126.43893630
1295478.31668749
1510416.82584215
1761016.72903370
2053194.76509899
2393849.34505595
2791023.42565564
3254094.40600218
3793995.53075667
4423474.02732112
5157392.07169865
6013077.68892414
7010733.87292980
8173915.58528810
9530085.89491567
11111264.3893630
12954783.1668749
15104168.2584215
1.36349129788471e-10
1.58971414008717e-10
1.85347060968684e-10
2.16098807599745e-10
2.51952711858332e-10
2.93755295171942e-10
3.42493529063800e-10
3.99318137846387e-10
4.65570767567416e-10
5.42815662675199e-10
6.32876598298988e-10
7.37879940126493e-10
8.60304848535191e-10
1.00304181231201e-09
1.16946089396009e-09
1.36349129788471e-09
1.58971414008717e-09
1.85347060968684e-09
2.16098807599745e-09
2.51952711858332e-09
2.93755295171942e-09
3.42493529063800e-09
3.99318137846387e-09
4.65570767567416e-09
5.42815662675198e-09
6.32876598298987e-09
7.37879940126493e-09
8.60304848535190e-09
1.00304181231201e-08
1.16946089396009e-08
1.36349129788471e-08
1.58971414008717e-08
1.85347060968684e-08
2.16098807599745e-08
2.51952711858332e-08
2.93755295171942e-08
3.42493529063799e-08
3.99318137846387e-08
4.65570767567416e-08
5.42815662675198e-08
6.32876598298987e-08
7.37879940126492e-08
8.60304848535190e-08
1.00304181231201e-07
1.16946089396009e-07
1.36349129788471e-07
1.58971414008716e-07
1.85347060968684e-07
2.16098807599745e-07
2.51952711858332e-07
2.93755295171942e-07
3.42493529063799e-07
3.99318137846387e-07
4.65570767567416e-07
5.42815662675198e-07
6.32876598298987e-07
7.37879940126492e-07
8.60304848535189e-07
1.00304181231201e-06
1.16946089396009e-06
1.36349129788471e-06
1.58971414008716e-06
1.85347060968684e-06
2.16098807599745e-06
2.51952711858332e-06
2.93755295171942e-06
3.42493529063799e-06
3.99318137846387e-06
4.65570767567415e-06
5.42815662675198e-06
6.32876598298986e-06
7.37879940126492e-06
8.60304848535189e-06
1.00304181231201e-05
1.16946089396009e-05
1.36349129788471e-05
1.58971414008716e-05
1.85347060968684e-05
2.16098807599744e-05
2.51952711858332e-05
2.93755295171941e-05
3.42493529063799e-05
3.99318137846386e-05
4.65570767567415e-05
5.42815662675197e-05
6.32876598298986e-05
7.37879940126491e-05
8.60304848535188e-05
0.000100304181231201
0.000116946089396009
0.000136349129788471
0.000158971414008716
0.000185347060968683
0.000216098807599744
0.000251952711858332
0.000293755295171941
0.000342493529063799
0.000399318137846386
0.000465570767567415
0.000542815662675197
0.000632876598298986
0.000737879940126491
0.000860304848535188
0.00100304181231201
0.00116946089396009
0.00136349129788471
0.00158971414008716
0.00185347060968683
0.00216098807599744
0.00251952711858331
0.00293755295171941
0.00342493529063798
0.00399318137846386
0.00465570767567414
0.00542815662675197
0.00632876598298985
0.00737879940126491
0.00860304848535187
0.0100304181231201
0.0116946089396009
0.0136349129788471
0.0158971414008716
0.0185347060968683
0.0216098807599744
0.0251952711858331
0.0293755295171941
0.0342493529063798
0.0399318137846386
0.0465570767567414
0.0542815662675196
0.0632876598298985
0.0737879940126490
0.0860304848535187
0.100304181231201
0.116946089396009
0.136349129788471
0.158971414008716
0.185347060968683
0.216098807599744
0.251952711858331
0.293755295171941
0.342493529063798
0.399318137846385
0.465570767567414
0.542815662675196
0.632876598298985
0.737879940126490
0.860304848535186
1.00304181231201
1.16946089396009
1.36349129788471
1.58971414008716
1.85347060968683
2.16098807599744
2.51952711858331
2.93755295171941
3.42493529063798
3.99318137846385
4.65570767567414
5.42815662675196
6.32876598298984
7.37879940126489
8.60304848535186
10.0304181231201
11.6946089396009
13.6349129788471
15.8971414008716
18.5347060968683
21.6098807599744
25.1952711858331
29.3755295171941
34.2493529063798
39.9318137846385
46.5570767567413
54.2815662675195
63.2876598298984
73.7879940126489
86.0304848535185
100.304181231201
116.946089396009
136.349129788470
158.971414008716
185.347060968683
216.098807599744
251.952711858331
293.755295171940
342.493529063798
399.318137846385
465.570767567413
542.815662675195
632.876598298984
737.879940126488
860.304848535185
1003.04181231201
1169.46089396009
1363.49129788470
1589.71414008716
1853.47060968683
2160.98807599744
2519.52711858331
2937.55295171940
3424.93529063797
3993.18137846385
4655.70767567413
5428.15662675195
6328.76598298983
7378.79940126488
8603.04848535184
10030.4181231201
11694.6089396008
13634.9129788470
15897.1414008716
18534.7060968683
21609.8807599743
25195.2711858330
29375.5295171940
34249.3529063797
39931.8137846384
46557.0767567413
54281.5662675195
63287.6598298983
73787.9940126488
86030.4848535184
100304.181231200
116946.089396008
136349.129788470
158971.414008715
185347.060968683
216098.807599743
251952.711858330
293755.295171940
342493.529063797
399318.137846384
465570.767567412
542815.662675194
632876.598298983
737879.940126487
860304.848535184
1003041.81231200
1169460.89396008
1363491.29788470
1589714.14008715
1853470.60968682
2160988.07599743
2519527.11858330
2937552.95171940
3424935.29063797
3993181.37846384
4655707.67567412
5428156.62675194
4.90013365681679e-11
5.71313639818869e-11
6.66102800255286e-11
7.76618847483851e-11
9.05471098509105e-11
1.05570179360389e-10
1.23085792451415e-10
1.43507497999737e-10
1.67317458595179e-10
1.95077834544929e-10
2.27444056646910e-10
2.65180301107393e-10
3.09177531970314e-10
3.60474537045427e-10
4.20282453999896e-10
4.90013365681679e-10
5.71313639818868e-10
6.66102800255286e-10
7.76618847483851e-10
9.05471098509105e-10
1.05570179360389e-09
1.23085792451415e-09
1.43507497999737e-09
1.67317458595179e-09
1.95077834544929e-09
2.27444056646909e-09
2.65180301107393e-09
3.09177531970314e-09
3.60474537045427e-09
4.20282453999896e-09
4.90013365681679e-09
5.71313639818868e-09
6.66102800255286e-09
7.76618847483850e-09
9.05471098509104e-09
1.05570179360389e-08
1.23085792451415e-08
1.43507497999737e-08
1.67317458595179e-08
1.95077834544929e-08
2.27444056646909e-08
2.65180301107393e-08
3.09177531970314e-08
3.60474537045426e-08
4.20282453999895e-08
4.90013365681678e-08
5.71313639818868e-08
6.66102800255285e-08
7.76618847483850e-08
9.05471098509104e-08
1.05570179360389e-07
1.23085792451415e-07
1.43507497999736e-07
1.67317458595179e-07
1.95077834544929e-07
2.27444056646909e-07
2.65180301107393e-07
3.09177531970313e-07
3.60474537045426e-07
4.20282453999895e-07
4.90013365681678e-07
5.71313639818867e-07
6.66102800255285e-07
7.76618847483849e-07
9.05471098509104e-07
1.05570179360389e-06
1.23085792451415e-06
1.43507497999736e-06
1.67317458595179e-06
1.95077834544929e-06
2.27444056646909e-06
2.65180301107393e-06
3.09177531970313e-06
3.60474537045426e-06
4.20282453999895e-06
4.90013365681678e-06
5.71313639818867e-06
6.66102800255284e-06
7.76618847483849e-06
9.05471098509103e-06
1.05570179360389e-05
1.23085792451415e-05
1.43507497999736e-05
1.67317458595178e-05
1.95077834544929e-05
2.27444056646909e-05
2.65180301107393e-05
3.09177531970313e-05
3.60474537045426e-05
4.20282453999895e-05
4.90013365681677e-05
5.71313639818867e-05
6.66102800255284e-05
7.76618847483849e-05
9.05471098509102e-05
0.000105570179360388
0.000123085792451415
0.000143507497999736
0.000167317458595178
0.000195077834544929
0.000227444056646909
0.000265180301107392
0.000309177531970313
0.000360474537045426
0.000420282453999894
0.000490013365681677
0.000571313639818867
0.000666102800255284
0.000776618847483848
0.000905471098509102
0.00105570179360388
0.00123085792451415
0.00143507497999736
0.00167317458595178
0.00195077834544929
0.00227444056646909
0.00265180301107392
0.00309177531970313
0.00360474537045425
0.00420282453999894
0.00490013365681677
0.00571313639818866
0.00666102800255283
0.00776618847483848
0.00905471098509102
0.0105570179360388
0.0123085792451415
0.0143507497999736
0.0167317458595178
0.0195077834544928
0.0227444056646909
0.0265180301107392
0.0309177531970313
0.0360474537045425
0.0420282453999894
0.0490013365681677
0.0571313639818866
0.0666102800255283
0.0776618847483847
0.0905471098509101
0.105570179360388
0.123085792451415
0.143507497999736
0.167317458595178
0.195077834544928
0.227444056646908
0.265180301107392
0.309177531970312
0.360474537045425
0.420282453999894
0.490013365681676
0.571313639818866
0.666102800255283
0.776618847483847
0.905471098509101
1.05570179360388
1.23085792451414
1.43507497999736
1.67317458595178
1.95077834544928
2.27444056646908
2.65180301107392
3.09177531970312
3.60474537045425
4.20282453999894
4.90013365681676
5.71313639818865
6.66102800255282
7.76618847483847
9.05471098509100
10.5570179360388
12.3085792451414
14.3507497999736
16.7317458595178
19.5077834544928
22.7444056646908
26.5180301107392
30.9177531970312
36.0474537045425
42.0282453999893
49.0013365681676
57.1313639818865
66.6102800255282
77.6618847483846
90.5471098509100
105.570179360388
123.085792451414
143.507497999736
167.317458595178
195.077834544928
227.444056646908
265.180301107392
309.177531970312
360.474537045424
420.282453999893
490.013365681676
571.313639818865
666.102800255282
776.618847483846
905.471098509099
1055.70179360388
1230.85792451414
1435.07497999736
1673.17458595178
1950.77834544928
2274.44056646908
2651.80301107391
3091.77531970312
3604.74537045424
4202.82453999893
4900.13365681675
5713.13639818864
6661.02800255281
7766.18847483845
9054.71098509099
10557.0179360388
12308.5792451414
14350.7497999736
16731.7458595178
19507.7834544928
22744.4056646908
26518.0301107391
30917.7531970312
36047.4537045424
42028.2453999893
49001.3365681675
57131.3639818864
66610.2800255281
77661.8847483845
90547.1098509098
105570.179360388
123085.792451414
143507.497999736
167317.458595178
195077.834544928
227444.056646908
265180.301107391
309177.531970311
360474.537045424
420282.453999892
490013.365681675
571313.639818864
666102.800255281
776618.847483844
905471.098509098
1055701.79360388
1230857.92451414
1435074.97999735
1673174.58595177
1950778.34544928
1.76101672903371e-11
2.05319476509901e-11
2.39384934505597e-11
2.79102342565567e-11
3.25409440600221e-11
3.79399553075670e-11
4.42347402732116e-11
5.15739207169869e-11
6.01307768892419e-11
7.01073387292985e-11
8.17391558528817e-11
9.53008589491575e-11
1.11112643893631e-10
1.29547831668750e-10
1.51041682584216e-10
1.76101672903371e-10
2.05319476509900e-10
2.39384934505597e-10
2.79102342565566e-10
3.25409440600221e-10
3.79399553075670e-10
4.42347402732116e-10
5.15739207169869e-10
6.01307768892419e-10
7.01073387292985e-10
8.17391558528817e-10
9.53008589491575e-10
1.11112643893631e-09
1.29547831668750e-09
1.51041682584216e-09
1.76101672903371e-09
2.05319476509900e-09
2.39384934505597e-09
2.79102342565566e-09
3.25409440600220e-09
3.79399553075670e-09
4.42347402732116e-09
5.15739207169868e-09
6.01307768892418e-09
7.01073387292985e-09
8.17391558528816e-09
9.53008589491574e-09
1.11112643893630e-08
1.29547831668750e-08
1.51041682584216e-08
1.76101672903371e-08
2.05319476509900e-08
2.39384934505597e-08
2.79102342565566e-08
3.25409440600220e-08
3.79399553075670e-08
4.42347402732115e-08
5.15739207169868e-08
6.01307768892418e-08
7.01073387292984e-08
8.17391558528816e-08
9.53008589491573e-08
1.11112643893630e-07
1.29547831668750e-07
1.51041682584216e-07
1.76101672903371e-07
2.05319476509900e-07
2.39384934505597e-07
2.79102342565566e-07
3.25409440600220e-07
3.79399553075670e-07
4.42347402732115e-07
5.15739207169868e-07
6.01307768892418e-07
7.01073387292984e-07
8.17391558528815e-07
9.53008589491573e-07
1.11112643893630e-06
1.29547831668750e-06
1.51041682584216e-06
1.76101672903371e-06
2.05319476509900e-06
2.39384934505596e-06
2.79102342565566e-06
3.25409440600220e-06
3.79399553075669e-06
4.42347402732115e-06
5.15739207169868e-06
6.01307768892417e-06
7.01073387292983e-06
8.17391558528815e-06
9.53008589491572e-06
1.11112643893630e-05
1.29547831668750e-05
1.51041682584216e-05
1.76101672903371e-05
2.05319476509900e-05
2.39384934505596e-05
2.79102342565566e-05
3.25409440600220e-05
3.79399553075669e-05
4.42347402732115e-05
5.15739207169867e-05
6.01307768892417e-05
7.01073387292983e-05
8.17391558528814e-05
9.53008589491572e-05
0.000111112643893630
0.000129547831668750
0.000151041682584216
0.000176101672903370
0.000205319476509900
0.000239384934505596
0.000279102342565565
0.000325409440600220
0.000379399553075669
0.000442347402732114
0.000515739207169867
0.000601307768892417
0.000701073387292983
0.000817391558528814
0.000953008589491572
0.00111112643893630
0.00129547831668750
0.00151041682584216
0.00176101672903370
0.00205319476509900
0.00239384934505596
0.00279102342565565
0.00325409440600219
0.00379399553075669
0.00442347402732114
0.00515739207169867
0.00601307768892416
0.00701073387292982
0.00817391558528813
0.00953008589491571
0.0111112643893630
0.0129547831668750
0.0151041682584216
0.0176101672903370
0.0205319476509899
0.0239384934505596
0.0279102342565565
0.0325409440600219
0.0379399553075669
0.0442347402732114
0.0515739207169866
0.0601307768892416
0.0701073387292982
0.0817391558528813
0.0953008589491571
0.111112643893630
0.129547831668750
0.151041682584216
0.176101672903370
0.205319476509899
0.239384934505596
0.279102342565565
0.325409440600219
0.379399553075668
0.442347402732114
0.515739207169866
0.601307768892416
0.701073387292981
0.817391558528813
0.953008589491570
1.11112643893630
1.29547831668749
1.51041682584216
1.76101672903370
2.05319476509899
2.39384934505596
2.79102342565565
3.25409440600219
3.79399553075668
4.42347402732113
5.15739207169866
6.01307768892415
7.01073387292981
8.17391558528812
9.53008589491569
11.1112643893630
12.9547831668749
15.1041682584216
17.6101672903370
20.5319476509899
23.9384934505596
27.9102342565565
32.5409440600219
37.9399553075668
44.2347402732113
51.5739207169866
60.1307768892415
70.1073387292981
81.7391558528812
95.3008589491569
111.112643893630
129.547831668749
151.041682584216
176.101672903370
205.319476509899
239.384934505596
279.102342565565
325.409440600219
379.399553075668
442.347402732113
515.739207169865
601.307768892415
701.073387292980
817.391558528811
953.008589491568
1111.12643893630
1295.47831668749
1510.41682584215
1761.01672903370
2053.19476509899
2393.84934505595
2791.02342565564
3254.09440600218
3793.99553075668
4423.47402732113
5157.39207169865
6013.07768892414
7010.73387292980
8173.91558528811
9530.08589491568
11111.2643893630
12954.7831668749
15104.1682584215
17610.1672903370
20531.9476509899
23938.4934505595
27910.2342565564
32540.9440600218
37939.9553075667
44234.7402732112
51573.9207169865
60130.7768892414
70107.3387292980
81739.1558528810
95300.8589491567
111112.643893630
129547.831668749
151041.682584215
176101.672903370
205319.476509899
239384.934505595
279102.342565564
325409.440600218
379399.553075667
442347.402732112
515739.207169864
601307.768892414
701073.387292979
6.32876598298988e-12
7.37879940126494e-12
8.60304848535191e-12
1.00304181231201e-11
1.16946089396009e-11
1.36349129788471e-11
1.58971414008717e-11
1.85347060968684e-11
2.16098807599745e-11
2.51952711858332e-11
2.93755295171942e-11
3.42493529063800e-11
3.99318137846388e-11
4.65570767567416e-11
5.42815662675199e-11
6.32876598298988e-11
7.37879940126494e-11
8.60304848535191e-11
1.00304181231201e-10
1.16946089396009e-10
1.36349129788471e-10
1.58971414008717e-10
1.85347060968684e-10
2.16098807599745e-10
2.51952711858332e-10
2.93755295171942e-10
3.42493529063800e-10
3.99318137846387e-10
4.65570767567416e-10
5.42815662675199e-10
6.32876598298988e-10
7.37879940126493e-10
8.60304848535190e-10
1.00304181231201e-09
1.16946089396009e-09
1.36349129788471e-09
1.58971414008717e-09
1.85347060968684e-09
2.16098807599745e-09
2.51952711858332e-09
2.93755295171942e-09
3.42493529063800e-09
3.99318137846387e-09
4.65570767567416e-09
5.42815662675198e-09
6.32876598298987e-09
7.37879940126493e-09
8.60304848535190e-09
1.00304181231201e-08
1.16946089396009e-08
1.36349129788471e-08
1.58971414008717e-08
1.85347060968684e-08
2.16098807599745e-08
2.51952711858332e-08
2.93755295171942e-08
3.42493529063799e-08
3.99318137846387e-08
4.65570767567416e-08
5.42815662675198e-08
6.32876598298987e-08
7.37879940126492e-08
8.60304848535189e-08
1.00304181231201e-07
1.16946089396009e-07
1.36349129788471e-07
1.58971414008716e-07
1.85347060968684e-07
2.16098807599745e-07
2.51952711858332e-07
2.93755295171942e-07
3.42493529063799e-07
3.99318137846387e-07
4.65570767567415e-07
5.42815662675198e-07
6.32876598298987e-07
7.37879940126492e-07
8.60304848535189e-07
1.00304181231201e-06
1.16946089396009e-06
1.36349129788471e-06
1.58971414008716e-06
1.85347060968684e-06
2.16098807599745e-06
2.51952711858332e-06
2.93755295171942e-06
3.42493529063799e-06
3.99318137846386e-06
4.65570767567415e-06
5.42815662675198e-06
6.32876598298986e-06
7.37879940126492e-06
8.60304848535189e-06
1.00304181231201e-05
1.16946089396009e-05
1.36349129788471e-05
1.58971414008716e-05
1.85347060968684e-05
2.16098807599744e-05
2.51952711858332e-05
2.93755295171941e-05
3.42493529063799e-05
3.99318137846386e-05
4.65570767567415e-05
5.42815662675197e-05
6.32876598298986e-05
7.37879940126491e-05
8.60304848535188e-05
0.000100304181231201
0.000116946089396009
0.000136349129788471
0.000158971414008716
0.000185347060968683
0.000216098807599744
0.000251952711858331
0.000293755295171941
0.000342493529063799
0.000399318137846386
0.000465570767567415
0.000542815662675197
0.000632876598298986
0.000737879940126491
0.000860304848535188
0.00100304181231201
0.00116946089396009
0.00136349129788471
0.00158971414008716
0.00185347060968683
0.00216098807599744
0.00251952711858331
0.00293755295171941
0.00342493529063798
0.00399318137846386
0.00465570767567414
0.00542815662675197
0.00632876598298985
0.00737879940126490
0.00860304848535187
0.0100304181231201
0.0116946089396009
0.0136349129788471
0.0158971414008716
0.0185347060968683
0.0216098807599744
0.0251952711858331
0.0293755295171941
0.0342493529063798
0.0399318137846386
0.0465570767567414
0.0542815662675196
0.0632876598298985
0.0737879940126490
0.0860304848535187
0.100304181231201
0.116946089396009
0.136349129788471
0.158971414008716
0.185347060968683
0.216098807599744
0.251952711858331
0.293755295171941
0.342493529063798
0.399318137846385
0.465570767567414
0.542815662675196
0.632876598298985
0.737879940126490
0.860304848535186
1.00304181231201
1.16946089396009
1.36349129788471
1.58971414008716
1.85347060968683
2.16098807599744
2.51952711858331
2.93755295171941
3.42493529063798
3.99318137846385
4.65570767567414
5.42815662675196
6.32876598298984
7.37879940126489
8.60304848535186
10.0304181231201
11.6946089396009
13.6349129788471
15.8971414008716
18.5347060968683
21.6098807599744
25.1952711858331
29.3755295171940
34.2493529063798
39.9318137846385
46.5570767567413
54.2815662675195
63.2876598298984
73.7879940126489
86.0304848535185
100.304181231201
116.946089396009
136.349129788470
158.971414008716
185.347060968683
216.098807599744
251.952711858331
293.755295171940
342.493529063798
399.318137846385
465.570767567413
542.815662675195
632.876598298984
737.879940126488
860.304848535185
1003.04181231201
1169.46089396009
1363.49129788470
1589.71414008716
1853.47060968683
2160.98807599744
2519.52711858331
2937.55295171940
3424.93529063797
3993.18137846385
4655.70767567413
5428.15662675195
6328.76598298983
7378.79940126488
8603.04848535184
10030.4181231201
11694.6089396008
13634.9129788470
15897.1414008715
18534.7060968683
21609.8807599743
25195.2711858330
29375.5295171940
34249.3529063797
39931.8137846384
46557.0767567413
54281.5662675195
63287.6598298983
73787.9940126488
86030.4848535184
100304.181231200
116946.089396008
136349.129788470
158971.414008715
185347.060968683
216098.807599743
251952.711858330
2.27444056646910e-12
2.65180301107393e-12
3.09177531970314e-12
3.60474537045427e-12
4.20282453999896e-12
4.90013365681679e-12
5.71313639818868e-12
6.66102800255286e-12
7.76618847483851e-12
9.05471098509105e-12
1.05570179360389e-11
1.23085792451415e-11
1.43507497999737e-11
1.67317458595179e-11
1.95077834544929e-11
2.27444056646909e-11
2.65180301107393e-11
3.09177531970314e-11
3.60474537045427e-11
4.20282453999896e-11
4.90013365681679e-11
5.71313639818868e-11
6.66102800255286e-11
7.76618847483850e-11
9.05471098509104e-11
1.05570179360389e-10
1.23085792451415e-10
1.43507497999737e-10
1.67317458595179e-10
1.95077834544929e-10
2.27444056646909e-10
2.65180301107393e-10
3.09177531970314e-10
3.60474537045426e-10
4.20282453999895e-10
4.90013365681678e-10
5.71313639818868e-10
6.66102800255285e-10
7.76618847483850e-10
9.05471098509104e-10
1.05570179360389e-09
1.23085792451415e-09
1.43507497999737e-09
1.67317458595179e-09
1.95077834544929e-09
2.27444056646909e-09
2.65180301107393e-09
3.09177531970313e-09
3.60474537045426e-09
4.20282453999895e-09
4.90013365681678e-09
5.71313639818868e-09
6.66102800255285e-09
7.76618847483850e-09
9.05471098509104e-09
1.05570179360389e-08
1.23085792451415e-08
1.43507497999736e-08
1.67317458595179e-08
1.95077834544929e-08
2.27444056646909e-08
2.65180301107393e-08
3.09177531970313e-08
3.60474537045426e-08
4.20282453999895e-08
4.90013365681678e-08
5.71313639818867e-08
6.66102800255284e-08
7.76618847483849e-08
9.05471098509103e-08
1.05570179360389e-07
1.23085792451415e-07
1.43507497999736e-07
1.67317458595178e-07
1.95077834544929e-07
2.27444056646909e-07
2.65180301107393e-07
3.09177531970313e-07
3.60474537045426e-07
4.20282453999895e-07
4.90013365681678e-07
5.71313639818867e-07
6.66102800255284e-07
7.76618847483849e-07
9.05471098509103e-07
1.05570179360388e-06
1.23085792451415e-06
1.43507497999736e-06
1.67317458595178e-06
1.95077834544929e-06
2.27444056646909e-06
2.65180301107392e-06
3.09177531970313e-06
3.60474537045426e-06
4.20282453999895e-06
4.90013365681677e-06
5.71313639818867e-06
6.66102800255284e-06
7.76618847483848e-06
9.05471098509102e-06
1.05570179360388e-05
1.23085792451415e-05
1.43507497999736e-05
1.67317458595178e-05
1.95077834544929e-05
2.27444056646909e-05
2.65180301107392e-05
3.09177531970313e-05
3.60474537045425e-05
4.20282453999894e-05
4.90013365681677e-05
5.71313639818866e-05
6.66102800255284e-05
7.76618847483848e-05
9.05471098509102e-05
0.000105570179360388
0.000123085792451415
0.000143507497999736
0.000167317458595178
0.000195077834544929
0.000227444056646909
0.000265180301107392
0.000309177531970313
0.000360474537045425
0.000420282453999894
0.000490013365681677
0.000571313639818866
0.000666102800255283
0.000776618847483847
0.000905471098509101
0.00105570179360388
0.00123085792451415
0.00143507497999736
0.00167317458595178
0.00195077834544928
0.00227444056646908
0.00265180301107392
0.00309177531970312
0.00360474537045425
0.00420282453999894
0.00490013365681676
0.00571313639818866
0.00666102800255283
0.00776618847483847
0.00905471098509101
0.0105570179360388
0.0123085792451414
0.0143507497999736
0.0167317458595178
0.0195077834544928
0.0227444056646908
0.0265180301107392
0.0309177531970312
0.0360474537045425
0.0420282453999894
0.0490013365681676
0.0571313639818865
0.0666102800255282
0.0776618847483847
0.0905471098509100
0.105570179360388
0.123085792451414
0.143507497999736
0.167317458595178
0.195077834544928
0.227444056646908
0.265180301107392
0.309177531970312
0.360474537045425
0.420282453999893
0.490013365681676
0.571313639818865
0.666102800255282
0.776618847483846
0.905471098509100
1.05570179360388
1.23085792451414
1.43507497999736
1.67317458595178
1.95077834544928
2.27444056646908
2.65180301107392
3.09177531970312
3.60474537045425
4.20282453999893
4.90013365681676
5.71313639818865
6.66102800255282
7.76618847483846
9.05471098509099
10.5570179360388
12.3085792451414
14.3507497999736
16.7317458595178
19.5077834544928
22.7444056646908
26.5180301107391
30.9177531970312
36.0474537045424
42.0282453999893
49.0013365681675
57.1313639818864
66.6102800255281
77.6618847483845
90.5471098509099
105.570179360388
123.085792451414
143.507497999736
167.317458595178
195.077834544928
227.444056646908
265.180301107391
309.177531970312
360.474537045424
420.282453999893
490.013365681675
571.313639818864
666.102800255281
776.618847483845
905.471098509098
1055.70179360388
1230.85792451414
1435.07497999736
1673.17458595178
1950.77834544928
2274.44056646908
2651.80301107391
3091.77531970311
3604.74537045424
4202.82453999892
4900.13365681675
5713.13639818864
6661.02800255281
7766.18847483844
9054.71098509098
10557.0179360388
12308.5792451414
14350.7497999736
16731.7458595178
19507.7834544928
22744.4056646908
26518.0301107391
30917.7531970311
36047.4537045424
42028.2453999892
49001.3365681675
57131.3639818863
66610.2800255280
77661.8847483844
90547.1098509097