6.3253694e-23
8.6272737e-23
1.1688333e-22
1.5941906e-22
2.1598283e-22
2.9458248e-22
3.9910383e-22
5.4434417e-22
7.3748393e-22
1.0058663e-21
1.3627595e-21
1.8586898e-21
2.5181749e-21
3.4345795e-21
4.653209e-21
6.3465871e-21
8.5984313e-21
1.172754e-20
1.588861e-20
2.1670732e-20
2.9359764e-20
4.0044257e-20
5.4252434e-20
7.3995773e-20
1.0025035e-19
1.3673307e-19
1.8524759e-19
2.5266218e-19
3.4230972e-19
4.6688176e-19
6.3253694e-19
8.6272737e-19
1.1688333e-18
1.5941906e-18
2.1598283e-18
2.9458248e-18
3.9910383e-18
5.4434417e-18
7.3748393e-18
1.0058663e-17
1.3627595e-17
1.8586898e-17
2.5181749e-17
3.4345795e-17
4.653209e-17
6.3465871e-17
8.5984313e-17
1.172754e-16
1.588861e-16
2.1670732e-16
2.9359764e-16
4.0044257e-16
5.4252434e-16
7.3995773e-16
1.0025035e-15
1.3673307e-15
1.8524759e-15
2.5266218e-15
3.4230972e-15
4.6688176e-15
6.3253694e-15
8.6272737e-15
1.1688333e-14
1.5941906e-14
2.1598283e-14
2.9458248e-14
3.9910383e-14
5.4434417e-14
7.3748393e-14
1.0058663e-13
1.3627595e-13
1.8586898e-13
2.5181749e-13
3.4345795e-13
4.653209e-13
6.3465871e-13
8.5984313e-13
1.172754e-12
1.588861e-12
2.1670732e-12
2.9359764e-12
4.0044257e-12
5.4252434e-12
7.3995773e-12
1.0025035e-11
1.3673307e-11
1.8524759e-11
2.5266218e-11
3.4230972e-11
4.6688176e-11
6.3253694e-11
8.6272737e-11
1.1688333e-10
1.5941906e-10
2.1598283e-10
2.9458248e-10
3.9910383e-10
5.4434417e-10
7.3748392e-10
1.0058663e-09
1.3627595e-09
1.8586898e-09
2.5181749e-09
3.4345795e-09
4.653209e-09
6.346587e-09
8.5984312e-09
1.1727539e-08
1.5888609e-08
2.1670731e-08
2.9359763e-08
4.0044255e-08
5.425243e-08
7.3995765e-08
1.0025034e-07
1.3673305e-07
1.8524754e-07
2.526621e-07
3.4230956e-07
4.6688147e-07
6.3253639e-07
8.6272636e-07
1.1688314e-06
1.5941872e-06
2.1598219e-06
2.945813e-06
3.9910165e-06
5.4434015e-06
7.374765e-06
1.0058525e-05
1.3627342e-05
1.8586429e-05
2.5180883e-05
3.4344195e-05
4.6529134e-05
6.3460408e-05
8.5974219e-05
0.00011725674
0.00015885163
0.00021664363
0.00029347996
0.00040022513
0.00054212256
0.00073921537
0.0010011319
0.0013647966
0.001847794
0.0025179729
0.0034071211
0.0046393111
0.006270883
0.0085266846
0.011502694
0.015599462
0.020966974
0.028295382
0.037770839
0.050504
0.066543315
0.087416461
0.11229615
0.14243898
0.17372905
0.20443105
0.22110823
0.21346903
0.15135541
0.020811994
-0.19990443
-0.44577599
-0.59445954
-0.37115541
0.29242441
0.95851774
0.38785861
-1.1570971
-0.3905493
1.6910905
-1.6096498
0.96311611
-0.44974196
0.18425524
-0.071394472
0.027321571
-0.010521514
0.0040944023
-0.0016072852
0.00063466704
-0.0002515062
9.9872093e-05
-3.9704461e-05
1.5794645e-05
-6.285372e-06
2.5016929e-06
-9.9582138e-07
3.9641766e-07
-1.5781112e-07
6.282453e-08
-2.5010636e-08
9.9568571e-09
-3.963884e-09
1.5780479e-09
-6.2823149e-10
2.5010326e-10
-9.9567808e-11
3.9638606e-11
-1.5780375e-11
6.2822521e-12
-2.5009919e-12
9.9564788e-13
-3.9636321e-13
1.5778642e-13
-6.281049e-14
2.5000737e-14
-9.9495089e-15
3.9587853e-15
-1.5738571e-15
6.2529845e-16
-2.4787957e-16
9.7882842e-17
-3.8363158e-17
1.4885618e-17
-5.5529919e-18
1.9880821e-18
-6.3561277e-19
1.0322406e-19
4.8507381e-20
-9.3162863e-20
8.4675288e-20
-7.8993772e-20
5.8740488e-20
-4.2535465e-20
3.5118458e-20
-2.4952603e-20
1.8931074e-20
-1.4321952e-20
1.0813456e-20
-7.6423631e-21
6.1447498e-21
-4.3483548e-21
3.0722743e-21
-2.3173562e-21
1.7469823e-21
-1.3159311e-21
9.3094881e-22
-7.4561237e-22
5.2836161e-22
-3.9778487e-22
2.9925807e-22
-2.2507139e-22
