-482.2852885528113
8794.720392699799
14441.422624273724
242.2087971323325
659.1855677169184
-1702.3975385841534
-666.3865202495673
-261.19749273158624
-2034.590347370838
190.71450120404245
-2611.1510816733844
288.79448852028537
-508.67685900841116
-1494.975217882533
-1492.5394441130984
-35.24751487773767
-833.2160038864976
-464.0617118771387
-538.1225712448268
-461.5556976503096
-395.85714307050165
-339.52965905693605
-291.2156836270227
-249.77561220312535
-214.2303137473238
-183.74607835684014
-157.59827493580988
-135.17136809771824
-115.93579470738358
-99.43801655698651
-85.28715213966628
-73.15052621743118
-62.74102395626125
-53.81270660830037
-46.15493085085358
-39.58687490459641
-33.95350972628466
-29.121796267055636
-24.97763947600678
-21.423222657788713
-18.37460801055655
-15.759827669835973
-13.51713916968655
-11.593595375259788
-9.943779303443081
-8.528738364283344
-7.315064243838097
-6.274100614359903
-5.381270248187867
-4.615493479040582
-3.9586897850895775
-3.3953520174886354
-2.9121795018787635
-2.49776441069147
-2.1423222932020125
-1.8374610375924496
-1.5759828365438726
-1.3517139679032333
-1.159359533941849
-0.9943779488272652
-0.8528738559265571
-0.7315064220030258
-0.6274100593740118
-0.5381270268394317
-0.46154935201508784
-0.3958689789750904
-0.3395352025157532
-0.2912179508322846
-0.24977644112220806
-0.21423222945573486
-0.18374610374003084
-0.15759828365442263
-0.1351713969387936
-0.11593595340344831
-0.09943779488543607
-0.08528738559362917
-0.07315064220902738
-0.06274100593978596
-0.053812702684064795
-0.04615493520175511
-0.03958689789667584
-0.033953520252362764
-0.02912179508356086
-0.024977644112272757
-0.021423222945698244
-0.01837461037405322
-0.0157598283653926
-0.013517139693875344
-0.011593595340371085
-0.009943779488518108
-0.008528738559357095
-0.0073150642209036075
-0.006274100593979279
-0.005381270268402385
-0.004615493520173683
-0.0039586897896627705
-0.0033953520252317593
-0.0029121795083525146
-0.0024977644112224276
-0.002142322294563976
-0.0018374610373984403
-0.001575982836531252
-0.0013517139693777734
-0.001159359534025731
-0.0009943779488386219
-0.0008528738559202934
-0.0007315064220723849
-0.0006274100593772936
-0.0005381270268159491
-0.00046154935198908275
-0.00039586897893328243
-0.00033953520248483355
-0.0002912179507903743
-0.0002497764410700537
-0.00021423222939548253
-0.00018374610366885468
-0.0001575982835702585
-0.00013517139684120252
-0.0001159359532900211
-9.943779475260891e-05
-8.528738543898375e-05
-7.315064202879883e-05
-6.274100572966186e-05
-5.3812702439025064e-05
-4.61549349160864e-05
-3.958689756359845e-05
-3.395351986403385e-05
-2.9121794630810664e-05
-2.4977643584409803e-05
-2.1423222330244192e-05
-1.837460965648978e-05
-1.5759827528769494e-05
-1.3517138718444403e-05
-1.1593594203100795e-05
-9.943778162559017e-06
-8.528737013403549e-06
-7.31506241845841e-06
-6.274098492484484e-06
-5.3812678182436045e-06
-4.615490663507397e-06
-3.958686459046443e-06
-3.3953481420364456e-06
-2.9121749809088453e-06
-2.4977591326595185e-06
-2.142316140287595e-06
-1.8374538621592417e-06
-1.5759744710074853e-06
-1.3517042161954522e-06
-1.159348163130027e-06
-9.943646921075956e-07
-8.528584009100392e-07
-7.314884047612161e-07
-6.273890557567439e-07
-5.381025431790923e-07
-4.6152081374624445e-07
-3.9583571778871685e-07
-3.3949644183813454e-07
-2.911727892542904e-07
-2.497238341109686e-07
-2.1417096926093365e-07
-1.8367479805322204e-07
-1.5751533393741418e-07
-1.3507497800635318e-07
-1.1582399696774151e-07
-9.93079811537198e-08
-8.513714896647622e-08
-7.297719930805498e-08
-6.254141591671201e-08
-5.3583970218656006e-08
-4.589416298941127e-08
-3.929148526664198e-08
-3.3621385716407934e-08
-2.8751574649769884e-08
-2.4568795227315582e-08
-2.0975964624138315e-08
-1.7889671959865483e-08
-1.523805868931683e-08
-1.2959107540929583e-08
-1.0999339221954782e-08
-9.31281505517303e-09
-7.860333880342699e-09
-6.608700669822906e-09
-5.52998921179946e-09
-4.6007951706643094e-09
-3.801486581914087e-09
-3.115488663231565e-09
-2.5286481206580315e-09
-2.0287148438275324e-09
-1.6049702168543496e-09
-1.2479915832586401e-09
-9.49512812196818e-10
-7.023245965468947e-10
-5.001642236971835e-10
-3.3756940933823153e-10
-2.096975841152789e-10
-1.1213962587174381e-10
-4.07630984590429e-11
8.390901445182308e-12
3.915215381405847e-11
5.5218030530103844e-11
6.011447423952909e-11
5.712876677743703e-11
4.922044083914118e-11
3.89216936288304e-11
2.824590374898742e-11
1.8626418651293084e-11
1.0905140110811042e-11
5.381959216359222e-12
1.923660486043553e-12
1.1611106490021316e-13
-5.696761429125216e-13
-6.329851449705829e-13
-4.4963762746210393e-13
-2.411135943912636e-13
-9.693977640762494e-14
-2.4678267242817705e-14
5.932688549784215e-16
4.7035198652688316e-15
2.949081522896702e-15
1.1458302126746046e-15
3.01563685933194e-16
4.4250093796022176e-17
-3.816047802206097e-18
-4.9532686820504774e-18
-1.9202084799550984e-18
-5.233309900006599e-19
-1.116243930315882e-19
-1.8309614036778683e-20
-1.9051777388166142e-21
5.866784949960265e-23
9.135549476439124e-23
2.8858804078753e-23
6.632609479250734e-24
1.2947844164912928e-24
2.2792187036095157e-25
3.7369611306526505e-26
5.825029432562678e-27
8.753813752420066e-28
1.2809015724895696e-28
1.8380348175607727e-29
2.5999664715744256e-30
3.639231847521889e-31
5.054641712090174e-32
6.980704142304544e-33
9.60042302443731e-34
1.3162674551797043e-34
1.8005884606106713e-35
2.4590150381963908e-36
3.3540970025087287e-37
4.570866438550572e-38
